        fbus    tbus    R       X       PFmax   QFmax   LIC     PFRmax  QFRmax  LRC     PFImax  QFImax  InitState
l1      1       4       3       3       50      105     1000    213     213     120                     1
l2      4       5       3       3       50      105     1000    253     253     120                     1
l3      2       6       3       3       150     105     1000    253     253     120                     1
l4      6       5       3       3       105     150     1000    253     253     120     102     102
l5      3       7       3       3       105     105     1000    253     253     120     102     102
l6      1       7       3       3       105     105     1000    253     253     120     102     102
l7      7       8       3       3       105     105     1000    253     253     120     102     102
l8      3       6       3       3       105     105     1000    253     253     120     102     102
l9      5       8       3       3       105     105     1000    253     532     120     102     102
l10     2       8       3       3       105     150     1000    253     253     120     102     102
